# Editor de texto

y <- c(5,4,3,2,1,2,3,4,5)

z <- 1

variable_4 <- y + z

variable_5 = 1:10

variable_4 = 10

mi_variable <- 20
